48 0 0 ;
79 44 75 ;
84 87 25 ;
54 56 24 ;
78 39 35 ;
18 97 63 ;
65 32 83 ;
64 53 87 ;
14 92 32 ;
21 42 59 ;
30 73 48 ;
14 74 97 ;
79 0 59 ;
73 14 48 ;
50 4 29 ;
63 27 21 ;
11 3 60 ;
12 14 70 ;
28 53 71 ;
91 49 22 ;
86 13 15 ;
67 2 18 ;
67 76 38 ;
64 95 26 ;
2 44 53 ;
71 58 55 ;
81 34 83 ;
91 37 26 ;
6 8 80 ;
49 4 16 ;
49 29 18 ;
35 71 44 ;
88 97 17 ;
47 26 19 ;
40 15 27 ;
8 35 3 ;
17 35 48 ;
65 47 0 ;
10 8 3 ;
81 91 76 ;
60 33 55 ;
61 18 94 ;
40 58 30 ;
84 90 7 ;
26 86 89 ;
47 72 75 ;
98 77 95 ;
89 94 3 ;
51 12 33 ;
39 9 15 ;
73 72 10 ;
89 62 11 ;
24 30 14 ;
2 30 0 ;
52 12 10 ;
65 12 58 ;
13 61 11 ;
49 56 22 ;
80 52 14 ;
75 44 91 ;
49 72 53 ;
93 32 25 ;
3 34 6 ;
46 48 37 ;
58 92 87 ;
7 12 37 ;
58 17 63 ;
2 5 32 ;
50 64 88 ;
29 56 83 ;
78 58 91 ;
71 82 22 ;
49 54 10 ;
59 16 80 ;
94 24 6 ;
66 15 84 ;
46 47 75 ;
97 42 13 ;
38 81 55 ;
60 12 70 ;
54 65 12 ;
0 65 96 ;
96 22 34 ;
7 36 41 ;
95 59 17 ;
55 30 39 ;
65 24 35 ;
14 47 91 ;
72 90 46 ;
77 9 43 ;
81 34 13 ;
18 94 10 ;
8 10 50 ;
29 28 82 ;
46 29 19 ;
69 87 4 ;
57 49 37 ;
92 54 80 ;
92 24 34 ;
3 38 88 ;
