6 6 97 ;
25 5 37 ;
20 7 75 ;
35 10 75 ;
61 87 60 ;
88 23 89 ;
66 60 6 ;
85 40 80 ;
89 35 38 ;
94 87 37 ;
30 52 23 ;
59 2 93 ;
93 94 67 ;
41 59 98 ;
80 76 7 ;
93 47 10 ;
41 2 89 ;
35 13 0 ;
14 60 68 ;
97 51 4 ;
36 58 62 ;
70 78 94 ;
52 75 52 ;
13 48 34 ;
86 1 4 ;
28 62 86 ;
19 8 28 ;
74 63 8 ;
86 26 85 ;
60 80 10 ;
68 85 82 ;
84 0 83 ;
33 10 83 ;
24 61 78 ;
61 94 52 ;
1 8 68 ;
94 52 76 ;
14 18 85 ;
88 55 98 ;
34 71 51 ;
47 85 91 ;
7 48 74 ;
97 72 41 ;
6 20 5 ;
81 62 81 ;
15 43 50 ;
13 6 96 ;
85 7 8 ;
37 13 40 ;
6 46 20 ;
82 66 87 ;
22 32 61 ;
37 58 72 ;
81 86 5 ;
68 39 29 ;
83 33 41 ;
52 51 2 ;
20 78 41 ;
16 6 61 ;
21 94 50 ;
33 64 56 ;
41 38 9 ;
15 59 15 ;
61 25 70 ;
36 37 72 ;
44 42 59 ;
78 40 87 ;
20 79 38 ;
33 68 83 ;
19 89 95 ;
48 11 35 ;
46 45 91 ;
36 27 79 ;
9 41 13 ;
65 68 92 ;
73 59 86 ;
4 23 78 ;
19 19 56 ;
49 29 7 ;
11 48 97 ;
56 29 23 ;
99 81 31 ;
22 21 28 ;
9 72 13 ;
82 65 5 ;
2 0 41 ;
26 75 9 ;
99 93 58 ;
33 40 16 ;
64 87 67 ;
61 19 7 ;
76 98 75 ;
55 74 91 ;
23 19 10 ;
69 29 89 ;
18 99 8 ;
77 2 18 ;
18 18 29 ;
4 82 43 ;
12 96 67 ;
