18 96 1 ;
24 62 1 ;
24 38 26 ;
74 68 39 ;
22 59 5 ;
13 85 53 ;
24 5 25 ;
72 61 34 ;
38 87 75 ;
72 14 80 ;
77 57 27 ;
84 45 86 ;
40 14 79 ;
95 90 98 ;
51 88 97 ;
66 25 8 ;
10 85 94 ;
7 0 16 ;
20 6 76 ;
28 26 5 ;
83 38 70 ;
19 42 13 ;
96 9 48 ;
47 40 48 ;
58 51 21 ;
76 65 15 ;
55 48 57 ;
84 27 7 ;
0 76 1 ;
60 44 73 ;
88 18 80 ;
20 9 28 ;
60 91 3 ;
99 54 1 ;
9 1 50 ;
6 29 73 ;
22 40 68 ;
46 15 27 ;
78 12 29 ;
30 42 49 ;
13 9 95 ;
6 68 98 ;
0 64 96 ;
63 87 28 ;
99 77 71 ;
69 87 48 ;
26 11 13 ;
29 39 26 ;
41 24 86 ;
47 18 87 ;
58 82 13 ;
85 61 59 ;
67 1 82 ;
86 66 25 ;
94 18 90 ;
82 24 51 ;
3 66 24 ;
66 39 8 ;
73 64 73 ;
71 98 73 ;
58 7 97 ;
60 20 81 ;
34 14 95 ;
23 53 82 ;
26 66 8 ;
59 9 65 ;
13 61 74 ;
23 15 69 ;
47 73 63 ;
24 99 65 ;
73 5 6 ;
42 79 3 ;
53 95 91 ;
9 43 25 ;
9 37 47 ;
21 73 12 ;
12 34 72 ;
74 47 6 ;
0 1 31 ;
22 1 25 ;
78 80 27 ;
84 7 22 ;
86 8 42 ;
35 76 21 ;
99 0 39 ;
57 31 20 ;
81 88 96 ;
41 90 44 ;
86 38 92 ;
36 32 5 ;
28 14 25 ;
84 5 39 ;
12 74 62 ;
88 94 2 ;
92 76 65 ;
56 73 66 ;
55 45 4 ;
88 14 69 ;
68 47 70 ;
94 59 72 ;
