97 96 76 ;
97 66 32 ;
92 45 51 ;
88 95 38 ;
40 33 44 ;
98 98 66 ;
51 69 63 ;
59 28 57 ;
52 35 78 ;
32 13 69 ;
27 20 38 ;
83 9 34 ;
97 61 83 ;
79 89 23 ;
66 74 89 ;
31 35 76 ;
75 61 32 ;
95 76 84 ;
63 36 51 ;
81 77 43 ;
58 34 70 ;
94 80 1 ;
12 32 5 ;
95 40 52 ;
0 6 20 ;
81 17 7 ;
74 35 53 ;
49 40 98 ;
43 85 80 ;
42 32 20 ;
71 96 12 ;
21 47 24 ;
59 74 89 ;
14 45 57 ;
43 64 39 ;
26 92 82 ;
87 22 82 ;
47 74 43 ;
67 12 50 ;
80 32 60 ;
80 38 13 ;
76 83 35 ;
2 21 78 ;
24 2 27 ;
53 15 17 ;
53 49 12 ;
7 2 37 ;
77 72 55 ;
34 1 66 ;
4 60 16 ;
36 29 28 ;
75 46 84 ;
0 15 61 ;
2 44 54 ;
2 8 76 ;
41 58 19 ;
46 58 46 ;
25 50 41 ;
41 41 70 ;
41 23 79 ;
50 50 75 ;
84 73 73 ;
40 0 73 ;
4 15 25 ;
15 15 27 ;
4 24 26 ;
70 46 36 ;
32 2 22 ;
12 75 84 ;
19 92 21 ;
61 5 78 ;
6 34 64 ;
23 58 2 ;
34 79 15 ;
18 9 40 ;
51 45 13 ;
91 72 97 ;
35 12 54 ;
82 75 57 ;
24 69 65 ;
32 9 56 ;
60 65 16 ;
99 31 89 ;
36 44 7 ;
16 3 33 ;
57 16 21 ;
88 40 33 ;
57 63 51 ;
40 63 77 ;
3 21 17 ;
71 80 72 ;
63 7 95 ;
9 56 59 ;
85 13 66 ;
30 26 0 ;
54 76 18 ;
15 95 18 ;
1 96 67 ;
74 26 51 ;
22 38 38 ;
