62 51 99 ;
48 57 19 ;
72 96 24 ;
78 89 7 ;
68 23 9 ;
77 4 21 ;
45 56 89 ;
55 77 7 ;
40 11 30 ;
83 27 82 ;
30 78 25 ;
48 47 16 ;
43 4 23 ;
68 1 98 ;
42 82 52 ;
53 36 9 ;
99 70 15 ;
71 30 58 ;
17 33 72 ;
89 62 28 ;
36 98 66 ;
68 10 77 ;
74 92 0 ;
30 44 41 ;
72 76 36 ;
52 90 27 ;
37 78 66 ;
79 95 34 ;
93 51 43 ;
10 12 65 ;
78 28 81 ;
52 28 29 ;
73 77 93 ;
88 81 66 ;
35 71 1 ;
30 95 97 ;
58 96 72 ;
80 90 56 ;
33 10 40 ;
32 80 0 ;
80 47 43 ;
30 8 36 ;
72 18 95 ;
61 27 43 ;
90 96 76 ;
42 15 99 ;
93 85 28 ;
57 23 17 ;
89 45 13 ;
50 32 80 ;
70 74 0 ;
27 23 10 ;
2 3 77 ;
60 76 65 ;
31 5 86 ;
59 52 46 ;
51 82 63 ;
43 82 98 ;
68 85 67 ;
46 96 38 ;
72 59 3 ;
24 79 95 ;
1 10 5 ;
92 89 26 ;
81 75 90 ;
28 2 12 ;
69 74 57 ;
98 47 30 ;
40 94 23 ;
48 94 30 ;
37 58 94 ;
44 12 97 ;
71 61 85 ;
9 92 69 ;
37 76 93 ;
97 16 99 ;
58 55 25 ;
70 83 81 ;
48 65 69 ;
43 51 61 ;
67 28 75 ;
18 44 53 ;
54 91 85 ;
22 24 17 ;
64 59 72 ;
6 89 7 ;
80 5 79 ;
70 18 51 ;
83 89 54 ;
50 83 86 ;
21 90 66 ;
30 28 57 ;
10 24 3 ;
29 80 6 ;
7 29 27 ;
37 36 87 ;
66 47 61 ;
3 66 99 ;
86 91 33 ;
53 54 46 ;
