39 43 26 ;
51 5 17 ;
9 78 1 ;
7 41 87 ;
57 85 66 ;
28 72 40 ;
50 41 87 ;
85 94 64 ;
77 92 72 ;
12 15 91 ;
27 41 16 ;
85 81 38 ;
30 67 75 ;
11 44 73 ;
89 2 58 ;
1 15 87 ;
92 9 3 ;
19 77 1 ;
77 29 54 ;
22 22 14 ;
8 42 23 ;
44 51 78 ;
80 33 38 ;
46 87 44 ;
16 49 69 ;
71 13 23 ;
36 61 8 ;
66 14 16 ;
10 67 22 ;
78 56 73 ;
52 40 48 ;
72 71 85 ;
61 61 70 ;
84 10 98 ;
75 85 14 ;
86 19 64 ;
10 5 1 ;
45 3 11 ;
89 65 55 ;
27 52 85 ;
93 33 77 ;
83 53 8 ;
45 7 67 ;
2 19 29 ;
98 39 25 ;
85 78 37 ;
45 73 89 ;
28 59 50 ;
48 47 6 ;
37 76 11 ;
27 35 51 ;
42 76 34 ;
34 87 3 ;
23 88 96 ;
86 81 4 ;
23 37 36 ;
60 21 55 ;
54 28 22 ;
5 87 76 ;
48 73 20 ;
66 11 72 ;
36 67 89 ;
28 75 17 ;
89 38 92 ;
84 17 42 ;
67 94 4 ;
3 23 12 ;
14 28 16 ;
29 71 42 ;
76 6 62 ;
38 5 34 ;
78 71 42 ;
83 32 80 ;
84 54 35 ;
47 65 54 ;
44 1 64 ;
80 96 47 ;
60 35 11 ;
18 27 52 ;
73 33 38 ;
77 98 45 ;
8 49 81 ;
73 32 95 ;
34 8 35 ;
29 50 92 ;
57 46 19 ;
27 89 59 ;
72 70 84 ;
79 13 54 ;
16 43 93 ;
38 48 78 ;
5 3 83 ;
62 92 65 ;
91 75 91 ;
7 26 30 ;
5 17 14 ;
42 42 37 ;
28 32 18 ;
62 21 42 ;
66 80 6 ;
