20 4 49 ;
94 18 34 ;
8 16 74 ;
6 43 58 ;
51 71 87 ;
0 30 47 ;
99 84 65 ;
29 11 47 ;
15 54 36 ;
3 72 60 ;
30 10 47 ;
93 75 12 ;
57 45 31 ;
36 93 48 ;
19 1 30 ;
83 56 45 ;
82 69 97 ;
94 29 41 ;
3 40 69 ;
95 17 10 ;
86 43 13 ;
18 86 53 ;
6 91 14 ;
32 97 96 ;
56 33 87 ;
9 94 58 ;
22 99 11 ;
62 21 63 ;
26 69 1 ;
74 88 12 ;
44 84 45 ;
1 57 68 ;
18 90 12 ;
65 16 25 ;
3 50 26 ;
70 68 62 ;
35 13 0 ;
82 61 41 ;
11 57 35 ;
85 60 75 ;
67 52 79 ;
76 38 16 ;
29 85 6 ;
83 10 41 ;
45 19 15 ;
10 86 74 ;
8 14 29 ;
53 36 22 ;
75 46 20 ;
17 16 85 ;
79 68 77 ;
60 93 60 ;
15 31 88 ;
39 85 70 ;
94 79 5 ;
77 26 29 ;
37 72 7 ;
61 4 70 ;
4 39 61 ;
39 93 97 ;
56 98 6 ;
25 85 32 ;
60 35 61 ;
7 66 59 ;
59 73 28 ;
65 32 34 ;
89 97 81 ;
63 21 36 ;
23 51 18 ;
38 27 89 ;
7 11 38 ;
72 22 19 ;
58 87 7 ;
59 64 2 ;
8 20 79 ;
4 60 1 ;
69 31 28 ;
45 60 24 ;
12 13 74 ;
94 87 88 ;
22 92 86 ;
17 60 35 ;
80 90 79 ;
77 60 89 ;
4 12 60 ;
53 59 56 ;
88 56 0 ;
55 11 71 ;
97 39 77 ;
37 61 57 ;
1 22 7 ;
41 32 69 ;
57 35 44 ;
76 71 34 ;
30 29 50 ;
86 95 38 ;
86 0 42 ;
76 30 95 ;
51 96 89 ;
9 12 25 ;
