67 92 77 ;
89 31 58 ;
85 96 52 ;
55 7 53 ;
84 6 67 ;
46 39 56 ;
63 89 5 ;
20 36 4 ;
76 30 21 ;
83 85 90 ;
74 4 17 ;
53 80 76 ;
5 22 3 ;
1 65 73 ;
67 5 57 ;
34 86 63 ;
21 43 66 ;
37 62 30 ;
2 89 3 ;
18 54 26 ;
55 12 25 ;
93 67 96 ;
41 65 62 ;
78 85 21 ;
9 13 35 ;
33 77 67 ;
95 96 80 ;
95 83 79 ;
37 53 1 ;
53 72 77 ;
57 85 21 ;
6 85 8 ;
31 68 75 ;
66 20 92 ;
12 50 62 ;
24 86 52 ;
92 27 49 ;
28 42 70 ;
88 16 76 ;
76 83 86 ;
33 14 53 ;
21 33 39 ;
9 80 44 ;
3 99 95 ;
26 6 46 ;
75 64 85 ;
35 36 55 ;
64 17 78 ;
24 13 19 ;
12 69 41 ;
21 86 31 ;
71 98 85 ;
43 33 82 ;
86 33 26 ;
44 14 56 ;
58 23 12 ;
83 10 59 ;
42 33 27 ;
81 0 29 ;
37 77 61 ;
12 85 19 ;
51 14 29 ;
71 27 62 ;
81 20 70 ;
83 89 1 ;
9 74 7 ;
25 43 47 ;
53 12 12 ;
9 84 12 ;
14 35 3 ;
56 52 40 ;
77 31 45 ;
27 99 83 ;
84 6 13 ;
33 69 81 ;
6 56 94 ;
57 59 94 ;
12 17 47 ;
44 95 33 ;
86 11 20 ;
9 24 71 ;
44 54 42 ;
89 17 97 ;
17 84 87 ;
20 44 2 ;
59 17 2 ;
4 4 94 ;
84 6 4 ;
54 64 23 ;
9 91 79 ;
18 7 84 ;
82 18 24 ;
13 20 71 ;
44 79 39 ;
76 26 99 ;
88 62 80 ;
13 91 32 ;
44 56 56 ;
3 49 87 ;
60 59 22 ;
