76 49 51 ;
17 70 63 ;
60 5 76 ;
2 22 90 ;
5 7 83 ;
36 11 79 ;
78 33 48 ;
46 48 27 ;
13 30 81 ;
92 59 58 ;
77 36 49 ;
82 73 82 ;
54 55 87 ;
63 35 48 ;
81 7 28 ;
96 45 44 ;
40 37 23 ;
30 99 99 ;
53 13 73 ;
34 28 34 ;
33 83 17 ;
69 18 36 ;
28 8 62 ;
96 93 3 ;
95 8 19 ;
33 69 99 ;
40 69 2 ;
67 53 89 ;
33 94 59 ;
24 20 67 ;
54 74 44 ;
69 38 67 ;
5 4 22 ;
76 36 13 ;
30 80 75 ;
99 2 91 ;
99 57 96 ;
48 33 12 ;
56 59 24 ;
30 22 24 ;
0 14 31 ;
99 98 25 ;
4 31 7 ;
85 17 26 ;
54 53 10 ;
37 58 23 ;
41 40 61 ;
25 52 31 ;
27 25 93 ;
61 2 45 ;
67 76 90 ;
18 31 62 ;
80 29 93 ;
65 75 30 ;
10 45 62 ;
0 45 87 ;
89 3 68 ;
84 61 27 ;
9 18 67 ;
64 95 85 ;
42 46 0 ;
8 79 18 ;
46 86 51 ;
38 30 15 ;
4 11 46 ;
49 39 87 ;
80 84 98 ;
41 89 28 ;
30 77 58 ;
67 32 77 ;
96 58 97 ;
70 89 25 ;
40 21 13 ;
59 15 58 ;
80 28 33 ;
28 17 14 ;
70 10 75 ;
96 24 49 ;
11 49 36 ;
26 37 52 ;
33 91 38 ;
83 23 57 ;
12 7 36 ;
90 12 93 ;
86 6 27 ;
4 1 22 ;
42 39 70 ;
26 36 11 ;
47 88 62 ;
70 57 29 ;
61 46 66 ;
95 9 51 ;
59 85 3 ;
82 85 30 ;
15 76 88 ;
5 32 70 ;
75 98 85 ;
61 78 65 ;
33 5 79 ;
50 17 51 ;
